## Execution Trace

I'll track the stack (bottom→top), R, odd_pops, and max_top.

| # | Instr | Stack after | Top | R | odd_pops | max_top |
|---|-------|-------------|-----|---|----------|---------|
| 1 | PUSH 6 | [6] | 6 | 0 | 0 | 6 |
| 2 | PUSH 5 | [6,5] | 5 | 0 | 0 | 6 |
| 3 | PUSH 9 | [6,5,9] | 9 | 0 | 0 | 9 |
| 4 | DUP | [6,5,9,9] | 9 | 0 | 0 | 9 |
| 5 | TICK | [6,5,9] (9 odd→remove) | 9 | 0 | 0 | 9 |
| 6 | PUSH 4 | [6,5,9,4] | 4 | 0 | 0 | 9 |
| 7 | ADD | [6,5,13] (4+9) | 13 | 0 | 0 | 13 |
| 8 | STORE | [6,5,13] | 13 | **13** | 0 | 13 |
| 9 | LOAD | [6,5,13,13] | 13 | 13 | 0 | 13 |
| 10 | MUL | [6,5,169] (13×13) | 169 | 13 | 0 | **169** |
| 11 | PUSH 7 | [6,5,169,7] | 7 | 13 | 0 | 169 |
| 12 | NEG | [6,5,169,-7] | -7 | 13 | 0 | 169 |
| 13 | ADD | [6,5,162] (-7+162) | 162 | 13 | 0 | 169 |
| 14 | SWAP | [6,162,5] | 5 | 13 | 0 | 169 |
| 15 | POP | [6,162] (5 odd→+1) | 162 | 13 | **1** | 169 |
| 16 | PUSH 2 | [6,162,2] | 2 | 13 | 1 | 169 |
| 17 | TICK | [6,162,2] (2 even→R+1) | 2 | **14** | 1 | 169 |
| 18 | PUSH 3 | [6,162,2,3] | 3 | 14 | 1 | 169 |
| 19 | POP | [6,162,2] (3 odd→+1) | 2 | 14 | **2** | 169 |
| 20 | DUP | [6,162,2,2] | 2 | 14 | 2 | 169 |
| 21 | ADD | [6,162,4] (2+2) | 4 | 14 | 2 | 169 |
| 22 | PUSH 8 | [6,162,4,8] | 8 | 14 | 2 | 169 |
| 23 | SWAP | [6,162,8,4] | 4 | 14 | 2 | 169 |
| 24 | STORE | [6,162,8,4] | 4 | **4** | 2 | 169 |
| 25 | TICK | [6,162,8,4] (4 even→R+1) | 4 | **5** | 2 | 169 |
| 26 | LOAD | [6,162,8,4,5] | 5 | 5 | 2 | 169 |
| 27 | ADD | [6,162,8,9] (5+4) | 9 | 5 | 2 | 169 |
| 28 | PUSH 1 | [6,162,8,9,1] | 1 | 5 | 2 | 169 |
| 29 | POP | [6,162,8,9] (1 odd→+1) | 9 | 5 | **3** | 169 |
| 30 | NEG | [6,162,8,-9] | -9 | 5 | 3 | 169 |
| 31 | PUSH 10 | [6,162,8,-9,10] | 10 | 5 | 3 | 169 |
| 32 | ADD | [6,162,8,1] (10-9) | 1 | 5 | 3 | 169 |
| 33 | DUP | [6,162,8,1,1] | 1 | 5 | 3 | 169 |
| 34 | MUL | [6,162,8,1] (1×1) | 1 | 5 | 3 | 169 |
| 35 | TICK | [6,162,8] (1 odd→remove) | 8 | 5 | 3 | 169 |
| 36 | PUSH 5 | [6,162,8,5] | 5 | 5 | 3 | 169 |
| 37 | SWAP | [6,162,5,8] | 8 | 5 | 3 | 169 |
| 38 | POP | [6,162,5] (8 even) | 5 | 5 | 3 | 169 |
| 39 | LOAD | [6,162,5,5] | 5 | 5 | 3 | 169 |
| 40 | ADD | [6,162,10] (5+5) | 10 | 5 | 3 | 169 |

FINAL_STACK: 10,162,6
MAX_TOP: 169
REG_R: 5
ODD_POPS: 3
SUM_FINAL: 178