Executing step by step:

| # | Instr | Stack (top first) | R | odd_pops | Notes |
|---|-------|-------------------|---|----------|-------|
| 1 | PUSH 6 | 6 | 0 | 0 | |
| 2 | PUSH 5 | 5,6 | 0 | 0 | |
| 3 | PUSH 9 | 9,5,6 | 0 | 0 | max_top=9 |
| 4 | DUP | 9,9,5,6 | 0 | 0 | |
| 5 | TICK | 9,5,6 | 0 | 0 | 9 odd → popped (no count) |
| 6 | PUSH 4 | 4,9,5,6 | 0 | 0 | |
| 7 | ADD | 13,5,6 | 0 | 0 | 4+9=13, max_top=13 |
| 8 | STORE | 13,5,6 | 13 | 0 | |
| 9 | LOAD | 13,13,5,6 | 13 | 0 | |
| 10 | MUL | 169,5,6 | 13 | 0 | max_top=169 |
| 11 | PUSH 7 | 7,169,5,6 | 13 | 0 | |
| 12 | NEG | -7,169,5,6 | 13 | 0 | |
| 13 | ADD | 162,5,6 | 13 | 0 | -7+169=162 |
| 14 | SWAP | 5,162,6 | 13 | 0 | |
| 15 | POP | 162,6 | 13 | 1 | 5 odd |
| 16 | PUSH 2 | 2,162,6 | 13 | 1 | |
| 17 | TICK | 2,162,6 | 14 | 1 | 2 even → R+1 |
| 18 | PUSH 3 | 3,2,162,6 | 14 | 1 | |
| 19 | POP | 2,162,6 | 14 | 2 | 3 odd |
| 20 | DUP | 2,2,162,6 | 14 | 2 | |
| 21 | ADD | 4,162,6 | 14 | 2 | 2+2=4 |
| 22 | PUSH 8 | 8,4,162,6 | 14 | 2 | |
| 23 | SWAP | 4,8,162,6 | 14 | 2 | |
| 24 | STORE | 4,8,162,6 | 4 | 2 | |
| 25 | TICK | 4,8,162,6 | 5 | 2 | 4 even → R+1 |
| 26 | LOAD | 5,4,8,162,6 | 5 | 2 | |
| 27 | ADD | 9,8,162,6 | 5 | 2 | 5+4=9 |
| 28 | PUSH 1 | 1,9,8,162,6 | 5 | 2 | |
| 29 | POP | 9,8,162,6 | 5 | 3 | 1 odd |
| 30 | NEG | -9,8,162,6 | 5 | 3 | |
| 31 | PUSH 10 | 10,-9,8,162,6 | 5 | 3 | |
| 32 | ADD | 1,8,162,6 | 5 | 3 | 10+(-9)=1 |
| 33 | DUP | 1,1,8,162,6 | 5 | 3 | |
| 34 | MUL | 1,8,162,6 | 5 | 3 | 1×1=1 |
| 35 | TICK | 8,162,6 | 5 | 3 | 1 odd → popped (no count) |
| 36 | PUSH 5 | 5,8,162,6 | 5 | 3 | |
| 37 | SWAP | 8,5,162,6 | 5 | 3 | |
| 38 | POP | 5,162,6 | 5 | 3 | 8 even |
| 39 | LOAD | 5,5,162,6 | 5 | 3 | |
| 40 | ADD | 10,162,6 | 5 | 3 | 5+5=10 |

FINAL_STACK: 10,162,6
MAX_TOP: 169
REG_R: 5
ODD_POPS: 3
SUM_FINAL: 178